17 3175 0
17 3175 0
17 3175 0
17 3175 0
17 3175 0
17 3175 0
17 3175 0
18 3000 0
18 3000 0
18 3000 0
18 3000 0
18 3000 0
18 3000 0
19 30000 0
19 30000 0
19 30000 0
19 30000 0
19 30000 0
19 30000 0
19 30000 0
19 30000 0
19 30000 0
19 30000 0
19 30000 0
19 30000 0
19 65030 0
19 65030 0
19 65030 0
19 65030 0
19 65030 0
19 65030 0
19 65030 0
19 65030 0
19 65030 0
19 65030 0
19 65030 0
19 65030 0
19 65030 0
19 65030 0
19 65030 0
20 116372 3
20 116372 3
20 116372 3
20 116372 3
20 116372 3
20 116372 3
20 116372 3
20 116372 3
20 116372 3
20 116372 3
20 116372 3
20 116372 3
20 116372 3
20 116372 3
20 116372 3
20 116372 3
20 116372 3
20 116372 3
20 116372 3
20 116372 3
20 116372 3
20 116372 3
20 117365 6
20 117365 6
20 117365 6
20 117365 6
20 117365 6
20 117365 6
20 117365 6
20 117365 6
20 117365 6
20 117365 6
20 117365 6
20 117365 6
20 117365 6
20 117365 6
20 117365 6
20 117365 6
20 117365 6
20 117365 6
20 117365 6
21 117365 6
21 117365 6
21 117365 6
21 117365 6
21 117365 6
21 117365 6
21 117365 6
21 117365 6
21 117365 6
21 117365 6
21 117365 6
21 117365 6
21 117365 6
21 117365 6
21 143663 6
21 143663 6
21 143663 6
21 143663 6
21 143663 6
21 143663 6
21 143663 6
21 143663 6
21 143663 6
21 143663 6
21 143663 6
21 143663 6
21 143663 6
21 143663 6
21 143663 6
21 143663 6
21 143663 6
21 143663 6
21 143663 6
21 143663 6
21 143663 6
21 143663 6
21 143663 6
21 143663 6
21 143663 6
21 143663 6
21 143663 6
21 143663 6
21 143663 6
21 143663 6
22 160005 11
21 143663 6
22 160005 11
22 160005 11
22 160005 11
22 160005 11
22 160005 11
22 160005 11
22 160005 11
22 160005 11
22 160005 11
22 160005 11
22 160005 11
22 160005 11
22 160005 11
22 160005 11
22 160005 11
22 160005 11
22 160005 11
22 160005 11
23 177750 11
23 177750 11
23 177750 11
23 177750 11
23 177750 11
23 177750 11
23 177750 11
23 177750 11
23 177750 11
23 177750 11
23 177750 11
23 177750 11
23 177750 11
24 181051 11
24 181051 11
24 181051 11
24 181051 11
24 181051 11
24 181051 11
24 181051 11
24 181051 11
