16 3000 0
16 3000 0
16 3000 0
16 3000 0
16 3000 0
16 3000 0
17 10000 0
17 10000 0
17 10000 0
17 10000 0
17 10000 0
17 10000 0
17 10000 0
18 25000 0
18 25000 0
18 25000 0
19 85000 5
19 85000 5
19 85000 5
19 85000 5
19 85000 5
19 85000 5
19 85000 5
19 85000 5
19 85000 5
19 85000 5
19 102000 5
19 102000 5
19 102000 5
19 102000 5
19 102000 5
19 102000 5
19 102000 5
19 102000 5
19 102000 5
19 102000 5
19 102000 5
19 102000 5
19 102000 5
19 102000 5
19 102000 5
19 102000 5
20 137475 5
20 137475 5
20 137475 5
20 137475 5
20 137475 5
20 137475 5
20 137475 5
20 137475 5
20 137475 5
20 137475 5
20 137475 5
20 137475 5
20 137475 5
20 137475 5
20 137475 5
20 137475 5
20 137475 5
20 137475 5
20 137475 5
20 137475 5
20 137475 5
20 137475 5
20 137475 5
20 137475 5
20 157475 5
20 157475 5
20 157475 5
20 157475 5
21 229968 10
21 229968 10
21 229968 10
21 229968 10
21 229968 10
21 229968 10
21 229968 10
21 229968 10
21 229968 10
21 229968 10
21 229968 10
21 229968 10
21 229968 10
21 229968 10
21 229968 10
21 229968 10
21 229968 10
21 229968 10
21 229968 10
21 229968 10
21 229968 10
21 229968 10
21 229968 10
21 229968 10
21 229968 10
21 229968 10
21 229968 10
21 229968 10
21 229968 10
21 229968 10
21 229968 10
21 229968 10
21 229968 10
21 291968 10
21 291968 10
21 291968 10
21 291968 10
21 291968 10
21 291968 10
21 291968 10
21 291968 10
21 291968 10
21 291968 10
21 291968 10
21 291968 10
21 291968 10
21 291968 10
21 291968 10
21 291968 10
21 291968 10
22 339968 10
22 339968 10
22 339968 10
22 339968 10
22 339968 10
22 339968 10
22 339968 10
22 339968 10
22 339968 10
22 339968 10
22 339968 10
22 339968 10
22 339968 10
22 339968 10
22 339968 10
22 339968 10
22 339968 10
22 339968 10
22 339968 10
22 339968 10
22 339968 10
22 339968 10
22 339968 10
22 339968 10
22 339968 10
23 343965 10
23 343965 10
23 343965 10
23 343965 10
23 343965 10
24 347196 10
24 347196 10
24 347196 10
24 347196 10
24 347196 10
24 347196 10
24 347196 10
24 347196 10
24 347196 10
24 347196 10
24 347196 10
24 360055 15
24 360055 15
24 360055 15
24 360055 15
24 360055 15
24 360055 15
24 363772 15
25 363772 15
25 363772 15
