17 1000 0
17 1000 0
17 1000 0
17 1000 0
17 1000 0
17 1000 0
17 1000 0
17 1000 0
17 1000 0
17 1000 0
17 1000 0
17 7500 0
17 7500 0
17 10000 0
17 10000 0
17 10000 0
17 10000 0
17 10000 0
17 10000 0
17 10000 0
17 10000 0
17 10000 0
17 10000 0
17 10000 0
17 10000 0
17 10000 0
17 10000 0
17 10000 0
17 10000 0
17 10000 0
17 10000 0
17 10000 0
17 10000 0
17 10000 0
17 10000 0
17 10000 0
17 10000 0
17 10000 0
17 10000 0
17 10000 0
20 40000 0
20 40000 0
20 40000 0
20 40000 0
20 40000 0
20 40000 0
20 40000 0
20 48000 0
20 48000 0
20 48000 0
20 48000 0
20 48000 0
20 48000 0
20 48000 0
20 48000 0
20 48000 0
20 48000 0
20 48000 0
20 48000 0
20 48000 0
20 48000 0
21 50000 0
20 48000 0
20 48000 0
20 48000 0
20 48000 0
20 48000 0
20 48000 0
20 48000 0
20 48000 0
21 50000 0
21 50000 0
21 50000 0
21 50000 0
21 50000 0
21 50000 0
21 50000 0
21 50000 0
21 50000 0
21 50000 0
21 50000 0
21 50000 0
21 50000 0
21 50000 0
21 50000 0
21 50000 0
21 50000 0
21 57000 2
21 57000 2
21 57000 2
21 57000 2
21 57000 2
21 57000 2
21 57000 2
21 57000 2
21 57000 2
21 57000 2
22 60000 5
22 60000 5
22 60000 5
22 60000 5
22 60000 5
22 60000 5
22 60000 5
22 60000 5
22 60000 5
22 60000 5
22 63000 5
22 63000 5
22 63000 5
22 63000 5
22 63000 5
22 63000 5
22 63000 5
22 63000 5
22 63000 5
22 63000 5
22 63000 5
22 67000 5
22 67000 5
22 67000 5
22 67000 5
22 67000 5
22 67000 5
22 67000 5
22 67000 5
22 67000 5
22 67000 5
22 67000 5
22 67000 5
22 67000 5
22 67000 5
22 67000 5
22 67000 5
22 67000 5
22 67000 5
22 67000 5
22 67000 5
22 67000 5
22 67000 5
22 67000 5
22 67000 5
22 67000 5
22 67000 5
22 67000 5
22 74000 8
22 74000 8
22 74000 8
22 74000 8
24 78000 13
24 78000 13
24 78000 13
24 78000 13
24 78000 13
24 78000 13
24 78000 13
24 78684 13
24 78684 13
24 78684 13
24 78684 13
24 78684 13
24 78684 13
24 78684 13
24 78684 13
25 78869 17
25 78869 17
