19 124100 0
19 124100 0
19 124100 0
19 124100 0
19 124100 0
19 124100 0
19 124100 0
19 124100 0
19 124100 0
19 124100 0
19 124100 0
19 124100 0
20 131000 0
20 131000 0
20 131000 0
20 131000 0
20 131000 0
20 131000 0
20 131000 0
20 131000 0
20 131000 0
20 131000 0
20 131000 0
20 131000 0
20 131000 0
20 131000 0
20 131000 0
20 131000 0
20 215000 0
20 215000 0
20 215000 0
20 215000 0
20 215000 0
20 215000 0
20 215000 0
20 215000 0
20 215000 0
20 215000 0
21 219067 7
21 219067 7
21 219067 7
21 219067 7
21 219067 7
21 219067 7
21 219067 7
21 219067 7
21 219067 7
21 219067 7
21 219067 7
21 219067 7
21 219067 7
21 219067 7
21 219067 7
21 219067 7
21 219067 7
21 219067 7
21 219067 7
21 219067 7
21 219067 7
21 219067 7
21 219067 7
21 219067 7
21 219067 7
21 219067 7
21 302388 7
21 302388 15
21 302388 15
21 302388 15
21 302388 15
21 302388 15
21 302388 15
21 302388 15
21 302388 15
21 302388 15
21 302388 15
21 302388 15
21 302388 15
21 302388 15
21 302388 15
21 314207 15
21 314207 15
21 314207 15
21 314207 15
21 314207 15
21 314207 15
21 314207 15
21 314207 15
21 314207 15
21 314207 15
21 314207 15
21 314207 15
21 314207 15
21 314207 15
21 314207 15
22 325128 15
22 325128 15
22 325128 15
22 325128 15
22 325128 15
22 325128 15
22 325128 15
22 325128 15
22 325128 15
22 325128 15
22 325128 15
22 325128 15
22 325128 15
22 325128 15
22 325128 15
23 341243 17
23 341243 17
23 341243 17
23 341243 17
23 341243 17
23 341243 17
23 347630 21
23 347630 21
23 347630 21
23 347630 21
24 350030 22
24 350030 22
24 350030 22
24 350030 22
24 350030 22
24 350030 22
24 350030 22
24 350030 22
24 350030 22
24 350030 22
24 351817 22
24 351817 25
24 351817 25
24 351817 25
24 351817 25
24 351817 25
25 351817 27
25 352913 27
25 352913 27
25 352913 27
